- 150 -

1311140 pag. 56 1311168 pag. 96 1313200404 pag.60.112
141 57. 112 169 32 200,1-13 35. 43
’ 141345 13 110 33 101 35. 40
14233-11 82 171 33 20233411-1135113
143 01, 111 30 101141 -31
144 ’ ' 57 173 96 203 60
145 30 174 33 204 97
140 30 110 331 103 41
141 03113 110 341. 100 33
1481310 59 177 60 207 36
1433141 30 113 34 203 30
1491503οο 30 179 34 209 105 θ’
149. 150,0·11 93 180 105 210 36
151 93 181 341 211 61
152 81 182 34 2123313 83
1533001331 31 183 34 2123311 36 ·
13300 33 134 34 113 30 -

154 83 185 60 214 36
1553145 109 186 84 215 37

1553011 83 187 34 216 37
Ι100 31 133 00 111 31
157 31 189 34 218 37
103 03 190 114 1131010. 3140 37
159 31 191 34 2193331 61
160 60 192 96 220 . 63
161,14-10 ’ 109 193 3542 221 63
1613314 31 194 97 222 64
162 60. 112 195 97 223 64
163 93 196 97 224 38
’ 164 114 197 97 225 114
1653041 ¹ 95 1983034 ’ 97 226 114
1653110 32 198343 83 227 93
1660100 32 199‚5-12 60 228 38
1633638 96 l99‚12-27 35. 39 229 ⁴ 98
167 32 , l99,27-33 40. 97 230 62.

...—-——--—

 

