Prooem v. 3-18 pag. 65 fab. 18

18-24 11
fab. 1111. 111 71 ’
1111 65
1111. 11-11 11.39
11111 84
2 12
3 12
4 72. 85
5111 72
511-11 12
61111 72
61111 13. 41
71111 13
71111 72
8 45110
9 72
10 73
111111 70, 73
111111 14
12 65. 73
13111115 14
13111 73
1411-11 85
141111 74. 118
15 74
161111111 14. 39
161111
“ 1615-11 106
161111 86. 107
171111511 15. 41
17111 101

ᾖ.

lndex fabularum.

pag. 16
1911111111 45. 66
191111111 74
1911. 51 ’ 86
19111 66
20 74

21 75.

221111 46. 110
22111 75
2311 102
23111 75
24 75. 118
2515-11 66
2511-15 77
26 46
27 46
281111 16
281111 ’ 77
29 66

301111 161

11151 11
11

32
331111
331515
34
3511
35115 ’
361111
361111
371111 ’
371111111 17

11637111 pag. 107

371111 66
381111 17
381111 87
39111 78
39111 47
401111 18

401111 78 ν’

41111 47
4111 18
41111 87. 107
421111. 1111 66
421111 78
421111 87
431111111 9. 18
431111 107

44 87.107 ’

45 88
46 ζ 18
47 18
48 · 18
491111 19
491111 67
50 88
51 19
52 19
531111 88
53111 · 19

“ 54 19. 39

55 · 47
56 - = 19
57 19

 

