116.5811
58119
59
60

“ 611111 -

pag. 102 1116811111 pag. 80 1111111

48
48
89
107

61111. 11-41 20

“ 611-11 <

6211

6211

6311-15
’ 631511

89

67. 108
- 63

79

641111111 · 108

64111 v

65‚12-20
651111
66
67
68
69
70,
71115
7115-11
72
73
74
75
76
77
· 781111
781111
79
801111
ι 801511
’ 80111
·- 8011
« 8111-11

20
108
21
21
118
48
22
89
102
49
22

90

41. 110
49111
67.102
103
50
79
50

51

108
90
79
104111

-149-

82 22

11 104
84 80.111

85 52
’ 86 52
87 22
88 · ’ 22
891-11 10. 23
8911-13 80
90 23
91 90
92 , 23
93 52
94 28
95 23
96 53
97 53. 111
98 53
99- 54. 111

100 , 14
1111111 114

1011111 90
102 24
103 54. 112
104 24
10511-11 54
1051111 63
1051115 25
106 55
107111 80
1071111 25

- 1081111111-11 25. 39

1081111 55
109 25

11ο 90¹

pag. 55
112 96114
113 80
1141111 104
1141111 55
115 81
116 81
117 91
118 70. 81
119 25
120 55
121 26. 39
122 27. 39
123 27
124111111 27. 39
124111 55
12511-15 91
1251111 28
126 , 28. 42
127 ’ 56
1281111 28
1281111 63
129 , 29
130 v · 81
13111111111 56
1311111 29

132 39. 91 ,

133 ’ Α 91
134 41. 92
13513111111 92
1351111 41
1361111 Δ 108
1361111- 41. 93
137 104
138ἱ 105118
139 , 114

 

